1                           
  1 1 11  11        2       
                      2     
  2     111121121           
   2                2       
    2                2      
     2    22  22      2     
          2   2 2          2
  2   2    222  22     2  2 
         2  22        2     
   2  2 2       22  22      
1                           
  1 1 11  11        2       
                      2     
  2     111121121           
   2                2       
    2                2      
     2    22  22      2     
          2   2 2          2
  2   2    222  22     2  2 
         2  22        2     
   2  2 2       22  22      
